0,1,2,3,4,5,6,7,8,9
1000.00000,
0.01103,
0.02526,
0.01270,
0.01550,
0.01669,
0.01509,
0.07850,
0.02190,
0.00808,
0.02966,
0.02035,
0.01506,
0.00902,
0.03684,
0.02055,
0.00913,
0.06138,
0.04722,
0.21506,
0.18770,
0.03212,
0.01473,
0.09052,
0.01200,
0.02568,
0.03065,
0.00107,
0.02663,
0.01338,
0.02341,
0.00370,
0.00962,
0.08590,
0.04558,
0.03917,
0.08089,
0.01907,
0.09725,
0.04310,
0.02919,
0.06222,
0.01883,
0.04115,
0.02382,
0.01603,
0.08865,
0.02139,
0.01806,
0.04053,
0.02850,
0.01733,
0.01811,
0.06634,
0.01816,
0.01220,
0.00886,
0.07449,
0.02422,
0.01742,
0.01517,
0.01124,
0.07492,
0.12281,
0.07702,
0.01690,
0.00296,
0.02512,
0.01098,
0.01592,
0.01614,
0.01683,
0.02088,
0.01330,
0.08655,
0.02043,
0.05226,
0.02759,
