3.15786,39.84388,-0.40789,-0.74935
5.99421,60.86872,0.73556,0.40578
4.95778,71.29118,0.00000,0.00000
6.06826,81.06255,-0.11429,0.63051
5.05542,47.32900,0.76335,-0.35183
4.56718,31.93303,0.37755,-0.76559
5.68400,69.94550,0.17355,0.40332
5.53765,73.97192,0.24230,-0.00303
8.46700,83.07908,0.74743,-0.32738
6.08460,72.48392,0.20005,0.65340
5.41070,82.85094,-0.40459,0.35542
6.32753,74.41994,0.18141,0.77963
5.73603,80.08086,-0.18562,0.57383
5.03098,71.69198,0.04967,-0.03644
5.71026,86.42326,-0.68960,0.72138
6.02607,85.93742,-0.46591,0.07008
5.24655,85.16128,-0.60376,0.37002
5.04318,84.63249,-0.52180,-0.08281
6.45244,67.26934,0.58529,0.77570
9.25779,87.74575,-0.25540,-0.02293
6.01288,89.38098,-0.76248,-0.57092
5.48345,67.67034,0.61408,-0.04903
6.35863,67.56316,0.51146,0.70082
5.11998,67.24062,0.33856,-0.07628
6.35822,87.12291,-0.67289,0.61751
5.59325,79.54297,-0.19494,0.51397
6.32834,68.04128,0.77026,0.64011
5.69156,66.91917,0.46304,0.30100
4.39755,75.67053,-0.35644,-0.02339
5.09193,61.34757,0.47824,-0.06270
5.75610,60.22153,0.54760,0.26539
5.76383,73.80238,0.01770,0.44190
5.57371,67.05898,0.44866,0.22425
4.83480,59.52104,0.26661,-0.12571
4.81724,55.97302,0.29953,-0.18448
3.76922,65.45355,-0.21095,-0.51207
5.50834,39.94429,0.70751,-0.32029
5.98464,63.22047,0.72030,0.37674
5.38655,60.47975,0.56096,0.04538
4.84162,82.94848,-0.51941,0.12706
5.00761,38.31511,0.65226,-0.47579
5.07043,80.73384,-0.33462,0.16993
5.76401,85.62401,-0.63054,0.74905
5.06971,52.45394,0.32036,-0.15796
6.12301,68.23764,0.73733,0.60084
2.98070,62.48025,-0.50675,-0.68345
2.62586,51.65881,-0.55759,-0.77398
4.85552,29.96609,0.69836,-0.74223
3.42376,61.88660,-0.18992,-0.53886
5.56894,39.90530,0.74198,-0.33174
5.44674,19.77148,0.34029,-0.78379
4.89532,66.36911,0.00000,0.00000
5.13866,79.29530,-0.27227,0.26699
5.45980,71.40611,0.02888,0.28735
7.29705,84.38039,0.04242,0.09199
5.71676,55.75968,0.62601,0.14518
5.63304,60.00648,0.48191,0.24582
5.30532,30.33029,0.43194,-0.58170
4.53227,72.38431,-0.32774,-0.14705
4.33792,69.66814,-0.04494,-0.47626
4.95424,50.69733,0.32011,-0.20209
4.92061,72.36679,-0.22104,0.00636
4.94138,59.21637,0.62390,-0.15580
4.43227,61.47066,0.28083,-0.41614
5.73259,54.02015,0.76011,0.14378
4.94215,28.29984,0.18125,-0.67543
4.34528,72.20475,-0.16243,-0.33823
4.64820,64.77740,0.39488,-0.50396
5.32553,44.43887,0.75018,-0.25107
5.98451,76.75198,0.11157,0.68738
6.04207,80.04105,0.79226,-0.61264
4.83117,87.00951,-0.75511,0.23306
5.24780,85.15106,-0.55568,-0.21727
5.75758,80.33850,-0.23597,0.63630
4.28764,48.43832,0.52214,-0.79259
2.71740,52.46099,-0.49568,-0.75070
5.54477,58.76842,0.43666,0.13949
5.06742,38.13821,0.44972,-0.45207
3.66847,35.29851,0.01812,-0.77012
4.71203,39.97296,0.39334,-0.49330
7.25872,89.17799,-0.75104,-0.14879
6.06320,70.48409,0.55685,0.44119
4.94051,55.58202,0.27716,-0.15728
5.42703,63.83341,0.41845,0.14967
5.19124,52.32611,0.54444,-0.13460
4.16518,56.97149,0.32302,-0.47455
6.19058,66.01685,0.68014,0.58865
2.94990,47.42221,-0.35331,-0.78216
4.14735,59.43963,0.41836,-0.79463
6.20916,74.95099,0.07443,0.73800
6.57876,71.67239,0.67604,0.79848
4.53213,86.52917,-0.77376,0.12258
2.86506,70.15781,-0.61494,-0.75101
5.90093,69.76576,0.19208,0.44900
4.32456,62.76831,0.33117,-0.44123
4.62022,44.36108,0.30437,-0.44715
5.92448,86.37750,-0.72253,0.78638
5.06282,68.52714,0.10453,0.00974
6.03610,25.66021,0.59172,-0.62644
3.88018,57.91008,-0.22494,-0.42950
6.18778,62.05746,0.74255,0.50969
7.40860,87.73816,-0.47793,-0.41103
5.05686,76.54572,-0.62277,0.08474
6.36269,81.14082,-0.02456,0.73697
5.55149,65.14559,0.38522,0.23882
4.55739,51.60374,0.35398,-0.37021
3.81881,63.93229,-0.29874,-0.46007
7.36193,12.79890,-0.01480,-0.77678
5.65177,77.80144,-0.00258,0.43499
6.51310,77.26994,0.28931,0.65761
4.21853,79.19899,-0.40085,-0.25623
4.92314,47.84950,0.35228,-0.27398
3.25019,54.70216,-0.07301,-0.79138
5.10991,78.24590,-0.73271,-0.07721
6.35650,76.83495,0.35122,0.73098
5.63664,76.48177,0.41864,-0.41266
5.89450,84.27829,-0.41600,0.56804
5.21786,87.58091,-0.72549,0.15008
6.74646,89.06799,-0.79636,0.69847
5.05372,85.62620,-0.74621,0.34597
4.87841,82.80379,-0.45784,-0.00758
3.10199,63.09379,-0.53686,-0.61323
5.44726,74.73273,0.29634,0.02143
3.71313,80.01952,-0.54028,-0.39844
7.09456,87.62382,-0.53579,0.41130
4.30386,58.79956,0.44087,-0.62130
5.40969,75.59180,-0.20308,0.29915
5.53851,30.14749,0.53469,-0.54230
5.50592,80.28561,-0.12124,0.16335
6.11444,61.80566,0.63858,0.46804
6.22751,74.36973,0.38616,0.75166
5.90209,85.96655,-0.57011,0.62764
5.73561,71.02319,0.36746,0.33518
5.04204,72.89905,0.06824,0.11882
4.63310,74.64662,-0.26980,-0.13845
5.57791,50.38928,0.66830,-0.03153
5.50270,84.84898,-0.54773,0.46401
6.28393,78.64576,0.12182,0.76707
5.39945,62.88139,0.37077,0.16340
4.37532,71.02648,-0.78356,-0.48951
6.48720,87.20914,-0.50432,-0.48746
4.31442,65.93144,-0.24826,-0.25726
4.25410,29.49249,-0.63073,-0.74340
5.92576,74.62627,0.18561,0.65518
4.19035,39.01910,0.10134,-0.59954
6.02426,67.11998,0.67017,0.43661
5.93812,65.79639,0.65116,0.42503
5.29662,83.61433,-0.44347,0.21383
5.20976,82.99688,-0.49631,0.37663
4.53714,76.00292,-0.25348,-0.03656
4.38131,60.97626,0.14829,-0.32596
5.03819,28.09204,0.67923,-0.71052
4.89069,65.67479,0.00000,0.00000
4.21039,65.80254,0.04920,-0.31400
7.75530,82.50077,0.55824,-0.12791
6.21056,67.85902,0.77753,0.64314
5.12644,41.06952,0.59700,-0.48345
4.64525,82.93454,-0.53703,0.05864
5.25289,71.59415,0.03113,0.30831
3.52430,53.07049,-0.30623,-0.54893
4.60228,41.14402,0.27522,-0.50187
4.59532,63.13566,-0.07325,-0.16761
4.82994,65.66084,0.42785,-0.37969
5.29187,68.70078,0.44636,-0.17302
5.29326,65.08189,0.54262,-0.07518
5.74652,69.47026,0.19208,0.44900
6.19492,82.17070,-0.10134,0.44135
5.93961,86.52440,-0.61079,0.67573
4.57387,31.61496,0.40836,-0.75175
4.33697,32.80294,-0.59721,-0.70982
9.04492,85.84515,0.22029,-0.08875
5.78062,68.45456,0.34218,0.40181
5.38197,57.86246,0.43366,0.07085
5.69257,74.20583,0.04678,0.39532
4.82500,76.80741,-0.27758,0.15219
3.96981,41.71505,0.03322,-0.61141
5.21203,82.97514,0.17917,-0.69190
5.50108,56.85008,0.48537,0.12640
5.55143,62.64931,0.32338,0.21225
6.01159,85.27923,-0.52075,0.78049
5.47924,43.41549,0.69418,-0.30106
7.71195,87.46590,-0.42170,0.26674
5.24207,79.06923,-0.78677,-0.20623
9.59176,18.12608,0.62278,-0.53751
5.42957,25.60773,0.63303,-0.74262
4.47629,51.08966,0.30050,-0.38503
6.31588,86.56055,-0.48891,0.02356
4.51033,74.67630,-0.53065,0.00050
5.87079,82.93986,-0.39200,0.70430
4.87104,84.62172,-0.59893,0.15238
3.74782,76.26153,-0.57230,-0.22860
5.25210,82.62762,-0.54562,0.45490
7.29454,85.41759,-0.08481,-0.39709
4.26662,64.07128,-0.20799,-0.23871
8.24261,83.92574,0.50382,-0.57528
6.47391,19.21374,0.36655,-0.66662
3.50653,81.42461,-0.67922,-0.44294
5.39440,55.82075,0.73532,0.00876
5.90941,75.54254,0.05944,0.69661
5.74430,75.74385,0.09421,0.52609
6.15004,84.40849,-0.39849,0.77058
4.60682,83.02455,-0.70086,0.13887
6.41705,28.88706,-0.39845,-0.63020
6.73166,88.29747,-0.68029,0.57285
5.20543,80.96832,-0.40009,0.37350
5.17584,80.82220,-0.41932,0.36943
5.72201,50.24817,0.69758,0.01685
3.49815,57.15212,-0.79574,-0.70795
2.85226,59.09373,-0.44086,-0.63398
4.58821,43.93470,0.30433,-0.45453
6.38170,76.52619,0.34680,0.77483
4.15678,61.39215,0.39785,-0.77646
7.27796,87.72057,-0.50673,-0.38335
3.86535,83.77411,-0.62591,-0.54412
4.35557,80.35526,0.05915,-0.63986
3.42477,85.83322,-0.70858,-0.41148
5.95105,83.51660,-0.12311,-0.77449
5.62825,62.00870,0.39759,0.22567
6.02165,66.37197,0.78483,0.51604
4.11378,69.98917,-0.32084,-0.31240
5.31850,69.41388,0.12472,0.21460
5.57347,80.92278,-0.16372,0.20895
8.42950,87.56751,-0.35076,0.48193
5.67953,81.82872,-0.20737,0.20114
4.29291,44.26304,0.17797,-0.49919
6.10280,79.69497,-0.06867,0.50879
4.01661,77.80732,-0.47132,-0.18297
6.20583,80.39395,0.01383,0.57841
5.91632,77.28832,0.06500,0.62487
5.80809,62.09664,0.72379,0.31627
4.24431,70.80025,-0.36055,-0.28893
5.82115,84.11914,-0.41632,0.47508
5.34654,83.59153,-0.45186,0.25298
5.20678,66.94113,0.29634,0.02143
5.13095,74.89227,-0.01642,0.19585
5.36862,68.72652,0.05025,0.24646
5.04038,28.56354,0.64110,-0.71442
7.31769,85.32725,-0.14225,0.30882
6.43720,66.92855,0.70805,0.76370
4.53039,26.05374,0.03906,-0.73598
4.42855,84.24744,-0.63901,-0.03987
4.09303,50.21262,-0.10116,-0.44473
6.46346,75.89297,0.46568,0.58121
6.83693,82.11719,0.15966,0.35364
5.19660,85.21814,-0.49093,-0.32935
5.78507,77.63075,-0.05447,0.61649
5.37199,55.26546,0.43684,-0.00927
4.94126,85.26461,-0.75850,0.29075
3.45399,54.35181,-0.15146,-0.64210
4.16407,75.31033,-0.48072,-0.29128
5.30803,59.81537,0.32501,0.11023
4.45790,38.00977,0.73287,-0.76578
6.94595,82.68166,0.04954,0.70715
4.97493,66.61411,0.00000,0.00000
4.95627,57.50834,0.30720,-0.12619
6.36515,71.96776,0.62981,0.52999
6.92502,87.05482,-0.47638,-0.50173
5.36771,76.40264,-0.08885,0.39298
3.98629,42.77306,0.18134,-0.59575
6.24758,82.30440,-0.17169,0.72982
5.74641,66.09721,0.60578,0.32459
5.54645,83.28504,-0.40866,0.37886
6.22555,74.29977,0.08870,0.74070
5.11640,72.52895,0.19365,-0.17966
6.26689,71.02643,0.34997,0.74258
4.73876,52.28278,0.73157,-0.37137
6.94071,88.88047,-0.74805,0.32764
4.76575,82.35231,-0.51714,0.10092
6.12390,26.76677,0.66703,-0.59035
4.74003,81.98277,-0.44949,-0.04079
6.29270,87.91692,-0.43514,-0.41958
4.99766,73.08197,0.29261,-0.67355
4.76039,39.48304,0.66372,-0.59331
4.99680,38.20177,0.43432,-0.56119
6.34905,87.99670,-0.69242,0.79591
3.93535,73.18600,-0.10033,-0.75443
5.27639,86.45049,-0.32422,-0.72074
5.11390,62.80959,0.20190,0.04040
6.01112,73.80908,0.07977,0.57213
4.27963,39.81834,0.10134,-0.59954
3.46651,60.13567,-0.08636,-0.73129
7.05806,81.54433,0.25127,0.72115
6.48145,85.54343,-0.39946,0.64345
3.28073,72.64705,-0.51599,-0.44152
6.24015,74.47525,0.76998,0.11942
3.62111,48.04295,-0.18222,-0.58352
4.67162,57.31623,0.07780,-0.18623
4.15800,82.37471,-0.60751,-0.10691
5.40076,61.76680,0.76476,-0.06748
5.91635,69.70570,0.43554,0.48341
4.82506,71.47051,0.07787,0.00555
6.45912,79.13351,0.21858,0.72547
6.57176,81.55827,0.18083,0.09871
4.72788,72.05625,-0.22732,0.00297
8.72219,83.55505,0.69252,0.08630
4.99338,57.28813,0.39713,-0.13669
6.31172,80.34062,0.29337,-0.20766
3.99274,45.34188,-0.13959,-0.54225
6.31471,85.37636,-0.40803,0.49073
5.86446,85.06402,-0.38699,-0.09567
4.27850,84.55095,-0.66568,-0.08719
5.63679,76.25239,0.04742,0.46096
5.00023,81.88598,-0.36683,-0.05268
5.03891,86.11298,-0.65682,0.13250
6.02080,77.89424,0.06962,0.67657
5.53616,62.79671,0.56801,0.05207
6.76216,75.81035,0.71006,0.75803
6.36690,72.95033,0.73503,0.58942
5.11414,77.58756,-0.22679,0.27382
4.89326,56.89876,0.44058,-0.22261
5.67574,81.49045,-0.25475,0.45625
6.49428,76.26778,0.42734,0.57981
4.66817,66.69783,-0.10619,-0.04754
8.57411,84.46371,0.34648,0.72436
5.07080,31.71734,0.70950,-0.61436
5.76501,73.65508,0.26660,0.25970
3.51078,76.31107,-0.53736,-0.34869
3.76149,49.46238,-0.08798,-0.58444
4.43661,72.66936,0.02882,-0.70459
4.81048,80.34923,-0.42508,0.14872
4.97249,48.40592,0.78713,-0.33245
5.24727,56.79622,0.44886,0.00767
6.45066,88.02258,-0.66933,0.58031
4.37512,53.63980,0.61874,-0.65149
5.44687,77.98076,-0.07072,0.02539
7.47855,12.87471,0.44634,-0.78222
2.69390,43.56143,-0.59842,-0.76165
6.61391,88.64624,-0.73329,0.74025
6.37558,89.05211,-0.78697,0.73650
4.11350,57.29019,-0.11185,-0.33911
4.80356,69.91648,-0.03803,-0.06775
4.53223,52.39745,0.40002,-0.35255
5.79851,63.29474,0.52661,0.34273
4.82447,72.81952,-0.23038,-0.01829
5.21855,55.16737,0.50960,-0.05924
5.14954,76.65636,-0.28778,0.14337
4.86133,84.62159,-0.58977,0.11661
6.57712,73.33486,0.78199,0.75865
5.53631,71.14360,0.13312,0.33897
5.97392,72.86726,0.57623,0.21600
3.90958,80.25320,-0.55638,-0.23746
6.14828,63.83173,0.72262,0.51752
6.50524,79.12523,0.52580,-0.22604
3.43851,55.93158,0.07875,-0.75650
5.85489,39.61195,0.76313,-0.24721
5.26002,67.46819,0.44318,0.12182
4.94830,47.24056,0.43084,-0.29618
3.31928,83.41287,-0.70424,-0.55569
5.01401,56.84673,0.39567,-0.12810
4.57087,57.03782,0.44196,-0.28297
4.95807,80.47540,-0.33523,0.13367
5.83068,75.84804,0.48721,-0.44550
4.41140,41.91954,0.12319,-0.51118
4.98350,65.46040,0.00000,0.00000
5.89967,55.93853,0.75792,0.24485
5.87316,50.29072,0.78363,0.06960
4.53748,38.12527,0.42744,-0.58685
5.72111,73.10258,-0.01483,0.47790
5.94622,63.76639,0.48830,0.46195
5.98804,73.29095,0.11466,0.60101
5.10338,83.10980,-0.35694,-0.34772
5.36060,82.29242,-0.41230,0.42508
2.62959,58.73184,-0.63073,-0.74340
5.38828,77.56010,-0.14234,0.42430
6.02155,71.20027,0.27427,0.54463
5.23094,63.43494,0.23726,0.10429
4.74983,67.95172,-0.04263,-0.09427
7.24622,85.99226,-0.29329,0.72118
5.04371,78.39864,-0.25437,-0.04586
5.78056,74.99318,-0.06269,0.50818
6.57568,77.07285,0.77811,-0.45858
5.90959,70.43179,0.34082,0.40095
5.92642,76.07627,0.11421,0.45154
5.14867,67.08391,0.13790,0.07040
5.16681,66.17796,0.65042,-0.13196
3.27551,74.53984,-0.56322,-0.44316
6.21985,70.55248,0.39263,0.67662
3.99500,72.35634,-0.30550,-0.24731
4.67828,88.22536,-0.78754,-0.00204
8.00580,85.81926,-0.06444,0.35877
4.14007,49.13848,0.62988,-0.71290
3.84918,85.84653,-0.73224,-0.32857
4.47877,76.22765,-0.47559,-0.11888
5.86330,83.08579,-0.34187,0.58449
4.18499,48.70308,0.07667,-0.50356
8.81361,88.84895,-0.60738,0.18911
4.11498,54.11512,0.32907,-0.50306
6.07229,78.61250,0.11726,0.54371
5.53899,67.04355,0.60177,0.10160
5.25448,71.40670,-0.03883,0.22709
5.59082,74.42445,0.18041,0.40064
5.20401,68.57433,0.21220,0.02472
4.55668,28.68717,-0.00552,-0.73750
5.64757,82.62419,-0.32080,0.43246
4.43225,59.44265,0.75342,-0.76832
5.03555,85.56865,-0.25444,-0.71854
4.91671,71.93843,-0.02790,0.00244
3.77021,62.14725,-0.10694,-0.59361
3.44783,86.44952,-0.77853,-0.69510
5.39162,85.67953,-0.54389,0.08800
4.09541,76.57603,-0.53342,-0.30490
5.85437,36.43690,0.76065,-0.33311
7.61827,89.39915,-0.78425,-0.29061
4.11486,37.90989,0.44095,-0.74364
6.01936,65.68520,0.68692,0.43776
5.18117,61.65272,0.35526,-0.01428
5.76115,81.66064,-0.33166,0.67141
5.84306,65.34630,0.43167,0.44470
7.01092,88.63231,-0.69871,0.20751
5.40103,50.83353,0.52113,-0.07534
5.45954,71.66003,-0.04200,0.30362
4.93699,75.63885,-0.11513,-0.15551
6.71362,78.74684,0.32287,0.56565
3.95439,55.87037,0.25869,-0.65839
5.24099,83.55297,-0.41515,0.03023
6.19283,76.46307,0.37413,0.24360
5.05522,21.40384,0.08417,-0.76529
4.14561,47.98419,0.22884,-0.65724
5.94600,85.90762,-0.56106,0.34970
5.07658,51.47191,0.51301,-0.19903
4.54020,56.75558,0.29699,-0.36496
5.33341,80.81194,-0.20918,0.06115
5.60069,80.99341,-0.31689,0.58239
5.22427,80.51489,-0.26977,0.21817
5.22349,50.62632,0.55219,-0.15304
4.74660,79.76891,0.27907,-0.75394
4.13617,82.29371,-0.58921,-0.20479
5.96663,71.90252,0.45060,0.57091
5.48242,44.56496,0.68034,-0.24721
5.16537,35.41744,0.35860,-0.48478
5.08370,42.09796,0.49692,-0.37758
4.99959,88.05878,-0.75591,-0.32860
5.13244,66.15848,0.07497,0.10218
5.98829,81.21041,-0.13379,0.53980
5.80023,87.83417,-0.71608,0.51022
6.13840,86.09856,-0.51440,0.46387
4.97918,52.24570,0.78835,-0.35060
6.14130,69.16141,0.57312,0.69311
6.32490,69.89819,0.36794,0.74215
5.09999,83.57578,-0.53343,0.27299
4.47143,83.50941,-0.60601,0.02463
6.36995,71.95026,0.64143,0.77621
6.02490,74.62228,0.11168,0.56852
5.70772,64.59953,0.58527,0.33081
4.71792,53.41197,0.28590,-0.29558
5.28176,83.88027,-0.50469,0.31602
5.98568,87.60217,-0.71480,0.36523
3.46058,62.24918,-0.25614,-0.48004
6.47560,75.47527,0.33311,0.76016
4.03837,44.72660,-0.07019,-0.53248
5.98385,66.70213,0.66828,0.41929
2.89272,56.40928,-0.53435,-0.67429
6.27802,71.00672,0.28215,0.72890
7.34477,82.62653,0.32265,0.17537
4.89558,67.19254,0.00000,0.00000
6.28061,76.32359,-0.01142,0.77275
6.83968,89.19803,-0.78399,-0.00987
5.06072,44.86720,0.41102,-0.30842
4.19293,72.47881,-0.24388,-0.18921
6.54981,86.25877,-0.46299,0.64625
6.06542,86.58188,-0.56348,0.37554
4.78727,32.74218,0.26086,-0.60056
4.77091,80.24497,-0.40950,0.09499
5.84959,67.95339,0.43364,0.53518
4.13602,42.43057,0.05954,-0.55601
5.38663,74.68852,-0.11581,0.31781
6.55102,87.26730,-0.57105,0.57851
6.50424,76.70182,0.34208,0.66306
3.66332,55.65752,-0.19952,-0.53899
4.81997,42.38784,0.46026,-0.41872
6.01593,84.41646,-0.42373,0.71781
4.59640,62.16242,0.70059,-0.63176
5.83266,75.96560,-0.09204,0.56906
4.56310,40.13181,0.70962,-0.61667
4.90470,53.97920,0.70058,-0.23535
4.66472,61.22478,0.70267,-0.62692
5.92966,55.22031,0.74617,0.20678
3.94079,60.44221,0.10280,-0.46942
5.85457,79.80965,-0.20314,0.70296
6.05608,70.89278,0.79212,0.04678
3.59622,86.25852,-0.79495,-0.53516
5.55929,84.01795,-0.44586,0.32603
5.99713,75.65506,-0.06477,0.63063
4.72228,70.73430,-0.21466,-0.07495
5.89577,86.50237,-0.61688,0.62674
6.19208,70.41203,0.28545,0.71444
5.18353,86.24242,-0.65589,0.21076
4.67704,71.69544,-0.27345,-0.09859
5.26767,79.26498,-0.11505,0.02977
2.93914,78.51017,-0.58858,-0.73896
5.94082,68.39253,0.38540,0.40533
5.87411,87.97554,-0.70435,0.19698
5.43555,72.77426,0.59169,-0.62257
3.57860,52.18388,0.05229,-0.68366
2.99855,80.11290,-0.67444,-0.57315
4.60730,85.91051,-0.65110,-0.16388
5.02861,84.76733,-0.61690,0.27094
3.20279,80.77097,-0.64529,-0.54990
4.24260,86.27319,-0.69632,-0.38538
3.90911,45.98849,0.05579,-0.61356
4.96424,66.16798,0.45281,-0.31393
6.68811,78.11872,0.46852,0.68967
5.13225,59.45412,0.64425,-0.14959
4.88804,31.39990,0.74380,-0.69415
5.26763,86.23503,-0.64974,0.34229
5.02669,82.08144,-0.25141,-0.63342
5.01774,81.12000,0.25051,-0.44843
5.87012,81.15123,-0.18462,0.54577
3.85593,35.25274,-0.09266,-0.69834
3.36565,60.66663,-0.43700,-0.54663
6.57178,87.52742,-0.58569,0.14250
5.77417,66.18856,0.77685,0.16830
5.50705,68.03292,0.51157,-0.02013
4.65818,63.16292,0.48721,-0.44550
5.65240,83.70032,-0.43010,0.46374
4.73894,69.01032,0.01721,0.02074
4.24085,68.84245,-0.28218,-0.20756
4.78240,73.63589,-0.03135,-0.00901
5.37369,73.74256,0.43211,-0.46220
4.36453,45.54305,0.12062,-0.46613
5.93552,58.63467,0.67405,0.34709
7.03462,77.34217,0.71300,0.78505
6.07258,85.89064,-0.50891,0.47274
5.09560,72.85130,0.28193,-0.13981
4.58597,55.37279,0.10056,-0.25520
6.10766,65.73657,0.58883,0.51368
6.14390,87.53996,-0.68307,0.76473
4.87594,55.62787,0.18266,-0.17412
4.41941,40.97804,0.42374,-0.58568
5.17721,67.43681,0.06508,0.14188
4.71865,73.10411,-0.23184,-0.07863
4.84145,30.28032,0.56315,-0.69007
5.41503,64.75050,0.68543,0.00119
5.91938,67.80861,0.75640,0.27073
5.24419,64.23243,0.43010,0.02937
5.10596,74.54844,-0.23308,0.13117
4.09569,70.06555,-0.31736,-0.33021
2.89575,76.31067,-0.63547,-0.56741
4.25060,81.52010,-0.49361,-0.25043
5.79895,30.23558,0.76943,-0.51122
4.60143,49.94049,0.22071,-0.30925
5.70924,75.41455,0.45109,-0.12445
4.48733,43.01613,0.47063,-0.50853
4.00211,56.19189,-0.17555,-0.39071
5.79400,58.26884,0.64274,0.22483
4.44404,78.08813,-0.17810,-0.57845
5.82161,57.92271,0.65445,0.24498
5.61438,79.57055,-0.25720,0.57525
5.60102,67.14108,0.47627,0.12090
5.02678,77.04990,0.60894,-0.58427
5.78490,85.23910,-0.40288,-0.32490
4.11439,43.86300,0.28454,-0.61060
6.69556,17.35003,0.61036,-0.76579
6.62276,83.95876,-0.16358,0.45340
4.88214,69.43147,0.11389,0.06460
