0,1,2,3,4,5,6,7,8,9
1000.00000,1000.00000,1000.00000,1000.00000,1000.00000,1000.00000,1000.00000,1000.00000,1000.00000,1000.00000,
0.24279,0.03688,0.33207,0.24388,0.99549,0.94679,0.96400,0.45714,0.15305,0.97304,
0.20612,0.03688,0.27223,0.42791,0.48830,0.10292,0.13645,0.16433,0.48146,0.11626,
0.53452,0.34449,0.60958,0.18956,0.45187,0.42705,0.38706,0.16433,0.67288,0.57784,
0.40754,0.18759,0.72360,0.52449,0.29026,0.64775,0.62652,0.16433,0.45187,0.71445,
0.66206,0.54814,0.48260,0.39866,0.59565,0.70846,0.73196,0.16433,0.31620,0.60127,
0.18731,0.19550,0.27697,0.44542,0.71679,0.77016,0.29494,0.34785,0.42604,0.00675,
0.13128,0.56226,0.37354,0.33351,0.04361,0.03868,0.29494,0.11774,0.30342,0.21516,
0.19190,0.27703,0.21432,0.24592,0.60969,0.03868,0.01577,0.57329,0.73092,0.74258,
0.34247,0.44946,0.02153,0.03830,0.59362,0.09165,0.01577,0.58828,0.89077,0.15927,
0.28046,0.45346,0.03580,0.17864,0.46566,0.03186,0.01577,0.44740,0.15927,0.36446,
0.35702,0.03246,0.22416,0.05421,0.02888,0.10520,0.01577,0.34250,0.03384,0.29242,
0.02888,0.26644,0.31851,0.19259,0.03899,0.03917,0.01577,0.04912,0.04237,0.37063,
0.36339,0.14865,0.29058,0.02263,0.61212,0.06939,0.07510,0.01214,0.19217,0.22989,
0.14498,0.08922,0.44182,0.27014,0.54264,0.08666,0.09317,0.15990,0.12512,0.54264,
0.16117,0.08707,0.24941,0.07001,0.23721,0.08666,0.08333,0.12839,0.00736,0.13516,
0.04139,0.02070,0.17356,0.22892,0.06856,0.06856,0.18501,0.21098,0.17427,0.05113,
0.02966,0.00318,0.04185,0.11896,0.06856,0.00933,0.08492,0.08057,0.09511,0.01843,
0.05271,0.05507,0.02252,0.11236,0.06856,0.06159,0.05032,0.04223,0.05386,0.06101,
0.05271,0.04741,0.04717,0.13119,0.04501,0.04536,0.04861,0.04534,0.05132,0.02572,
0.07059,0.02219,0.04717,0.19229,0.02285,0.02345,0.04506,0.04974,0.06282,0.05795,
0.03693,0.03789,0.04717,0.05335,0.03717,0.06130,0.07208,0.08153,0.05227,0.02992,
0.05718,0.07745,0.04717,0.02394,0.04399,0.07375,0.03481,0.05335,0.00727,0.06454,
0.06459,0.15088,0.04717,0.04698,0.06643,0.02142,0.05306,0.12002,0.09224,0.11063,
0.06916,0.06237,0.04717,0.09605,0.09320,0.10591,0.08474,0.07790,0.08178,0.06878,
0.07713,0.16139,0.04717,0.01921,0.02357,0.06237,0.20598,0.02189,0.04761,0.08814,
0.07293,0.08678,0.04717,0.12214,0.12604,0.08211,0.30520,0.11243,0.04891,0.19262,
0.12011,0.14572,0.04717,0.10126,0.08371,0.19267,0.10179,0.24260,0.16269,0.06784,
0.26937,0.00423,0.04717,0.06698,0.07740,0.28360,0.17879,0.31683,0.12213,0.14302,
0.27229,0.13916,0.04717,0.05171,0.16018,0.05982,0.30298,0.13241,0.15447,0.22655,
0.01632,0.16820,0.04717,0.13836,0.16518,0.09760,0.15759,0.17057,0.02679,0.18892,
0.01632,0.06593,0.08567,0.25990,0.02839,0.25452,0.30237,0.19377,0.07315,0.35115,
0.01632,0.02050,0.09037,0.08396,0.11995,0.25988,0.23219,0.07058,0.05917,0.19633,
0.01632,0.06588,0.06819,0.06340,0.11464,0.20472,0.18076,0.08692,0.06347,0.10406,
0.02348,0.05881,0.06869,0.09845,0.09311,0.17368,0.13427,0.00492,0.06867,0.08831,
0.08910,0.42972,0.03466,0.60346,0.19800,0.59990,0.16045,0.00788,0.74451,0.02679,
0.07075,0.12970,0.03466,0.00929,0.13557,0.57666,0.05316,0.03673,0.19233,0.09485,
0.07295,0.55580,0.06084,0.30645,0.70351,0.38615,0.23945,0.03673,0.23551,0.59709,
0.29343,0.24908,0.06168,0.07487,0.06084,0.14267,0.33694,0.03673,0.25900,0.51411,
0.32957,0.10323,0.14172,0.00081,0.26236,0.09637,0.23772,0.19292,0.15623,0.14635,
0.75504,0.76628,1.16726,1.19564,1.43875,0.57305,0.95748,1.18561,1.33006,1.07041,
0.75504,0.79121,0.98856,0.96609,0.58866,0.63084,0.82767,0.99639,1.07513,0.93692,
0.69448,0.65939,0.76488,0.75510,0.58866,0.60784,0.73527,0.81851,0.43822,0.78956,
0.60818,0.65927,0.71325,0.70351,0.58866,0.61317,0.62977,0.48802,0.49134,0.65888,
0.52543,0.61505,0.38727,0.57721,0.50223,0.58297,0.52352,0.51370,0.49134,0.55214,
0.41614,0.31443,0.38727,0.46108,0.46970,0.51061,0.42910,0.47524,0.48314,0.49485,
0.42675,0.37714,0.38727,0.38134,0.45341,0.31443,0.43339,0.40637,0.47969,0.48330,
0.21304,0.27800,0.38727,0.28622,0.31620,0.24737,0.21493,0.53059,0.66447,0.59401,
0.10825,0.09755,0.08682,0.66987,0.45831,0.24737,0.11374,0.26294,0.65174,0.09833,
0.31609,0.25259,0.08682,0.41305,0.01388,0.49972,0.31617,0.50585,0.26996,0.01667,
0.15256,0.14889,0.25463,0.09445,0.06893,0.38964,0.41998,0.26564,0.29894,0.01667,
0.02593,0.06741,0.23478,0.03669,0.01812,0.20203,0.05096,0.24215,0.08451,0.01667,
0.26193,0.11471,0.08550,0.10706,0.35850,0.23051,0.02358,0.15987,0.16277,0.01667,
0.38476,0.17716,0.24247,0.11441,0.05096,0.18175,0.02241,0.03802,0.10922,0.01667,
0.15987,0.04922,0.03760,0.18018,0.26571,0.04164,0.06713,0.03724,0.14746,0.01667,
0.14838,0.07958,0.31038,0.38465,0.05096,0.27375,0.09038,0.09427,0.18459,0.01667,
0.15552,0.10286,0.00605,0.05159,0.13977,0.14564,0.01409,0.25768,0.07095,0.01667,
0.15609,0.06575,0.20206,0.05159,0.07204,0.06517,0.06948,0.20629,0.00969,0.01008,
0.07567,0.37336,0.03632,0.52999,0.07567,0.21781,1.16261,0.13646,0.32578,0.05211,
0.02392,0.19904,0.03632,0.64599,0.01806,0.45026,0.25665,0.10410,0.10396,0.03367,
0.11765,0.02297,0.07577,0.04429,0.09771,0.05516,0.18217,0.05333,0.16552,0.01156,
0.96683,0.91938,0.75122,0.34322,0.26077,0.52563,0.29581,0.14728,0.40444,0.75122,
0.73765,0.85559,0.91649,0.81156,0.71998,0.81984,0.29581,0.61412,0.85151,0.98243,
0.91478,0.95463,0.15667,0.93901,0.89903,1.00424,0.29581,0.86130,0.89092,0.81719,
0.98615,0.05158,0.15667,0.78735,0.26583,0.65785,0.04244,0.95917,0.97268,0.87527,
0.74349,0.06557,0.04813,0.52401,0.94980,0.81137,0.04244,1.00574,0.81785,0.96894,
0.72174,0.98876,0.05302,0.24464,0.37517,0.94176,0.04244,0.74349,0.96580,0.55212,
0.61954,0.72547,0.03066,0.06300,0.02946,0.99801,0.04244,0.91686,0.20996,0.66492,
0.96784,0.91573,0.04898,0.10989,0.02324,0.80997,0.04244,0.91938,1.11267,0.75583,
0.22196,0.91853,0.19812,0.19690,0.01119,0.94576,0.04244,0.82077,0.80997,0.60913,
0.03124,0.77955,0.98478,0.04386,0.98587,0.80997,0.04244,0.41157,0.29717,0.21082,
0.03124,0.54270,0.47138,0.99030,0.67156,0.95254,1.10866,1.12171,0.34373,0.12325,
0.03124,0.25295,0.90449,0.73978,0.89697,0.56963,1.13637,0.67156,0.03737,1.11483,
0.03124,0.12371,0.46851,0.97963,0.98445,0.17283,0.82176,0.89284,0.13110,0.63740,
0.03124,0.19927,0.06709,0.81370,0.75040,0.16879,0.95453,0.98287,0.04645,0.58522,
0.03124,0.20661,0.29067,0.35716,0.08398,0.03409,0.44963,0.00819,0.01217,0.61881,
0.30668,0.28918,0.27792,0.13135,0.08398,0.30679,0.17587,0.07903,0.03390,0.51446,
0.22033,0.01167,0.17897,0.03092,0.08398,0.21232,0.05733,0.08409,0.05970,0.10153,
0.94346,1.27688,1.26927,0.97614,0.96208,0.91573,1.17372,0.70978,0.84068,1.35185,
0.98923,1.20749,1.17536,0.94102,1.12838,1.04508,1.17372,0.84761,0.92334,0.99337,
1.09554,0.93048,1.17928,1.01403,1.20439,1.11809,1.17372,1.05097,1.06731,1.13245,
1.14529,1.06965,1.22554,1.15835,1.03012,1.07711,1.17372,1.04574,1.11829,1.16253,
1.12548,1.15098,0.95628,1.07780,1.13242,1.15538,1.20120,1.08931,1.11829,1.13552,
1.10408,1.05121,0.92083,1.07780,1.11295,1.12642,0.87125,1.14375,1.11459,1.16722,
1.09220,1.05121,0.98485,1.07235,1.01211,1.08734,0.98202,1.15970,1.07548,0.97332,
1.05051,1.09002,0.98485,0.94781,0.91834,1.04541,0.99509,0.93162,1.03864,0.96948,
1.00060,0.90222,0.86517,1.01529,0.91834,0.90130,1.02823,0.94033,1.05211,0.94459,
0.95137,0.77566,0.86517,0.96667,0.98115,0.88124,0.96244,0.92072,0.74806,0.91711,
1.01876,0.95734,0.86517,0.99151,0.63283,0.99900,0.78131,0.89033,0.84261,0.96321,
0.87731,0.72577,0.83379,1.00378,0.75443,0.75232,0.78131,0.68964,0.85026,0.73811,
0.60383,0.53124,0.80016,0.51629,0.70344,0.87653,0.88915,0.68964,0.56920,0.85960,
0.35397,0.53124,0.46055,0.61422,0.79294,0.72850,0.78454,0.75793,0.63429,0.59541,
0.65301,0.53124,0.25399,0.70965,0.78454,0.41906,0.68915,0.55850,0.54252,0.61930,
0.35339,0.53124,0.65412,0.71148,0.81659,0.71179,0.62053,0.76615,0.64835,0.62203,
0.35339,0.16926,0.22424,0.55206,0.36013,0.25869,0.59522,0.80593,0.23037,0.27608,
0.44024,0.16926,0.60226,0.21715,0.50032,0.60165,0.39609,0.41381,0.47805,0.64844,
0.51272,0.16926,0.36486,0.72836,0.68182,0.88262,0.03996,0.75483,0.27554,0.79385,
0.22248,0.16926,0.33792,0.43452,0.77289,0.39330,0.05337,0.81361,0.19803,0.61701,
0.31343,0.16926,0.37917,0.01856,0.46732,0.31225,0.09251,0.59810,0.02897,0.50815,
0.06890,0.16926,0.42976,0.35105,0.39805,0.37199,0.04594,0.59810,0.05773,0.48014,
0.01675,0.36957,0.12664,0.45836,0.07682,0.05831,0.04594,0.28432,0.31438,0.34198,
0.06894,0.46927,0.11474,0.52418,0.20585,0.07729,0.04594,0.29447,0.44105,0.20504,
0.33540,0.51936,0.01107,0.28432,0.18412,0.14930,0.04594,0.30162,0.03784,0.15965,
0.02940,0.28432,0.28100,0.05674,0.13453,0.21576,0.04594,0.30526,0.08158,0.10069,
0.18460,0.29447,0.03894,0.01081,0.08730,0.39338,0.04594,0.52418,0.09469,0.34864,
0.18774,0.13042,0.04509,0.17033,0.20949,0.48063,0.04594,0.46164,0.09755,0.22895,
0.37808,0.05126,0.14175,0.19994,0.26222,0.18928,0.04594,0.33903,0.09424,0.39244,
0.47290,0.06936,0.01077,0.15619,0.28670,0.04115,0.04594,0.08129,0.14437,0.18928,
0.42784,0.10073,0.20568,0.30585,0.24146,0.08457,0.04594,0.17509,0.00405,0.15559,
0.42784,0.00650,0.00433,0.21318,0.09026,0.25659,0.04594,0.13151,0.06433,0.00351,
0.30057,0.11245,0.06334,0.01948,0.26479,0.18500,0.04594,0.10307,0.08202,0.21714,
0.42784,0.15903,0.09077,0.21611,0.18749,0.14277,0.04594,0.05111,0.09361,0.16599,
0.22984,0.04012,0.10220,0.32973,0.14293,0.03978,0.04594,0.01694,0.02132,0.11100,
0.01174,0.12673,0.10224,0.29447,0.06359,0.12576,0.05537,0.05965,0.02132,0.28335,
0.06369,0.02393,0.05215,0.21294,0.03960,0.02194,0.01601,0.08114,0.02132,0.19409,
0.08201,0.03966,0.13036,0.19295,0.18877,0.21053,0.01601,0.07407,0.26710,0.00737,
0.09411,0.08694,0.16344,0.01132,0.01585,0.15931,0.01601,0.02797,0.28440,0.05480,
0.26495,0.05271,0.06903,0.06498,0.20470,0.29686,0.01601,0.07465,0.19295,0.07258,
0.18457,0.13150,0.06067,0.09113,0.15675,0.19295,0.01601,0.24334,0.17050,0.01364,
0.13460,0.02370,0.05747,0.09645,0.28879,0.02990,0.01601,0.45822,0.02013,0.22009,
0.28845,0.03791,0.27368,0.26187,0.20295,0.02807,0.01601,0.28440,0.04150,0.01209,
0.45822,0.08050,0.18866,0.34501,0.15532,0.08689,0.01601,0.22855,0.02021,0.21206,
0.39638,0.05676,0.30576,0.06360,0.10357,0.09338,0.01601,0.20832,0.09462,0.16047,
0.19295,0.02809,0.24040,0.08557,0.08534,0.09803,0.09550,0.01283,0.10368,0.09959,
0.87543,0.91444,0.24040,0.81390,0.87210,0.21451,0.70551,0.97955,0.84671,0.83589,
0.48448,0.33509,0.41354,0.38854,0.32117,0.21451,0.01214,0.41354,0.24023,0.46047,
0.04968,0.03219,0.07539,0.12160,0.04509,0.21451,0.15064,0.44560,0.15540,0.11693,
0.04968,0.01198,0.09939,0.04364,0.12323,0.15673,0.04668,0.17732,0.08197,0.09865,
0.12550,0.23195,0.11249,0.21113,0.15434,0.36496,0.01288,0.03335,0.01064,0.15707,
0.21092,0.36268,0.60178,0.26214,0.87103,0.40981,0.42372,0.03335,0.10151,0.02634,
0.17698,0.23965,0.33737,0.15274,0.16712,0.29100,0.21082,0.03335,0.01942,0.49798,
0.36851,0.51359,0.48217,0.35652,0.87294,0.65255,0.61394,0.87330,0.01942,0.20891,
0.45809,0.44814,0.59804,0.67815,0.54842,0.41175,0.57447,0.20891,0.01942,0.04899,
0.61117,0.75033,0.18726,0.20891,0.40337,0.33185,0.67498,0.15422,0.01942,0.04603,
0.57313,0.64589,0.02238,0.04899,0.31304,0.09899,0.52922,0.65013,0.01942,0.06381,
0.11772,0.63987,0.16652,0.64679,0.64338,0.13428,0.68152,0.09514,0.01942,0.87498,
0.01536,0.44100,0.87028,0.62117,0.42496,0.02462,0.60747,0.87405,0.01942,0.09514,
0.01536,0.15252,0.57407,0.62713,0.36528,0.08229,0.29453,0.09012,0.15893,0.87887,
0.01536,0.67297,0.55124,0.61050,0.66641,0.68032,0.09405,0.85073,0.13324,0.67516,
0.01536,0.54132,0.24041,0.65638,0.11728,0.65968,0.73027,0.05280,0.13343,0.19780,
0.01536,0.02568,0.16268,0.26792,0.59763,0.64977,0.05412,0.03003,0.01272,0.22572,
0.52480,0.02568,0.18860,0.38224,0.78116,0.11454,0.36933,0.00260,0.17352,0.11454,
0.02514,0.31441,0.30841,0.30890,0.35837,0.16402,0.10549,0.21656,0.17352,0.14479,
0.34115,0.20072,0.25992,0.21189,0.10549,0.25909,0.36986,0.49601,0.17352,0.26631,
0.52985,0.46308,0.25133,0.43535,0.36986,0.46572,0.02228,0.13316,0.17352,0.42756,
0.04490,0.56859,0.44366,0.59009,0.16293,0.48816,0.02228,0.04777,0.01899,0.51719,
0.29038,0.22127,0.58066,0.05229,0.10820,0.02724,0.32678,0.29492,0.01899,0.37721,
0.20842,0.44135,0.05229,0.39211,0.38733,0.37339,0.53352,0.54547,0.01899,0.06747,
0.04245,0.58878,0.05447,0.15626,0.59224,0.12124,0.59524,0.46302,0.01899,0.28178,
0.04171,0.25003,0.40608,0.21480,0.15195,0.15357,0.16346,0.59909,0.01899,0.19924,
0.26594,0.12594,0.57052,0.23744,0.41509,0.28438,0.20820,0.05229,0.01899,0.22136,
0.20661,0.45324,0.46302,0.19117,0.24739,0.50645,0.35496,0.39211,0.01899,0.00375,
0.47313,0.23677,0.26947,0.41459,0.16393,0.05229,0.06577,0.56103,0.01899,0.09987,
0.27810,0.00706,0.16595,0.10440,0.03618,0.02145,0.27238,0.05229,0.01899,0.02948,
0.46302,0.04772,0.05391,0.44904,0.38340,0.37876,0.50243,0.39211,0.01899,0.04529,
0.00991,0.04835,0.00561,0.09910,0.04273,0.11804,0.14318,0.01816,0.01243,0.01408,
0.36082,0.38924,0.05543,0.19934,0.03186,0.15063,0.30324,0.04279,0.04817,0.05275,
0.11205,0.00969,0.31178,0.44373,0.33626,0.03077,0.25915,0.04279,0.32000,0.05761,
0.34356,0.04218,0.43920,0.04094,0.45147,0.03077,0.14682,0.04094,0.44380,0.05705,
0.45783,0.02125,0.50313,0.04672,0.04094,0.03077,0.15647,0.04672,0.50588,0.04681,
0.39662,0.02125,0.29060,0.03064,0.02662,0.01768,0.05307,0.03064,0.02931,0.02227,
0.19624,0.15739,0.16934,0.03358,0.17027,0.01768,0.11482,0.02714,0.17756,0.01737,
0.02147,0.03513,0.37895,0.12754,0.17850,0.04249,0.23651,0.29305,0.38591,0.01737,
0.03052,0.29419,0.15273,0.16104,0.07652,0.12469,0.16987,0.43149,0.02147,0.01737,
0.29161,0.42904,0.04635,0.37033,0.31532,0.43772,0.25227,0.02147,0.03052,0.01737,
0.09142,0.49835,0.30431,0.46963,0.44466,0.18767,0.16777,0.16928,0.03037,0.01737,
0.25052,0.05757,0.19686,0.19884,0.05022,0.17313,0.05134,0.15390,0.28535,0.01737,
0.17170,0.15777,0.19760,0.02741,0.02230,0.38296,0.05136,0.04516,0.05757,0.01737,
0.21403,0.44910,0.06952,0.20068,0.28213,0.35315,0.17231,0.30722,0.15777,0.01737,
0.14417,0.03103,0.01362,0.04254,0.18893,0.13548,0.18138,0.19957,0.16001,0.01737,
0.74481,0.03103,0.17450,0.83607,0.16746,0.01709,0.69405,1.03158,1.21895,0.29271,
0.30472,0.01675,0.21323,0.33331,0.08261,0.01709,0.35353,0.49176,0.04460,0.31934,
0.07719,0.01675,0.14450,0.09025,0.08409,0.01883,0.12124,0.01677,0.01675,0.29371,
0.02203,0.01675,0.02219,0.07798,0.06547,0.02108,0.09589,0.01536,0.09328,0.02704,
0.06939,0.01856,0.01838,0.02191,0.03921,0.01340,0.01456,0.01536,0.06516,0.01683,
0.02900,0.12275,0.09351,0.02358,0.10413,0.09952,0.02943,0.04644,0.07156,0.14364,
0.09443,0.05973,0.13625,0.10857,0.12633,0.06819,0.08540,0.00349,0.12294,0.07156,
0.14258,0.05973,0.17192,0.01621,0.08929,0.06775,0.01701,0.02128,0.15932,0.08872,
0.15321,0.01796,0.04307,0.13830,0.06335,0.13574,0.13830,0.06936,0.01313,0.14784,
0.16811,0.03006,0.04307,0.02403,0.10034,0.01358,0.00245,0.04843,0.22561,0.31162,
0.37730,0.03006,0.42056,0.12771,0.33970,0.45271,0.33970,0.09112,0.07985,0.04213,
0.19034,0.03006,0.21123,0.06889,0.18008,0.34531,0.17289,0.05904,0.02523,0.04241,
0.04776,0.03006,0.11880,0.02622,0.07153,0.25572,0.09515,0.06644,0.02268,0.04710,
0.06964,0.03006,0.07087,0.03091,0.02370,0.36553,0.06685,0.07486,0.05528,0.05689,
0.02814,0.04593,0.09655,0.03675,0.02370,0.45144,0.02694,0.02360,0.04578,0.07114,
0.02790,0.07369,0.03041,0.04209,0.06570,0.17929,0.05239,0.02360,0.07501,0.07411,
0.09207,0.11288,0.14597,0.06027,0.04628,0.07823,0.04172,0.02360,0.11834,0.05278,
0.15462,0.03916,0.04326,0.15231,0.20538,0.10661,0.06787,0.02360,0.21662,0.11106,
0.03818,0.22034,0.08679,0.08784,0.20000,0.08718,0.08003,0.02360,0.03950,0.05478,
0.20889,0.03950,0.21985,0.21551,0.22385,0.13036,0.13032,0.02360,0.13270,0.22421,
0.22584,0.22536,0.22602,0.22341,0.22562,0.17342,0.22336,0.02360,0.21412,0.64885,
0.03375,0.03675,0.02789,0.22523,0.05319,0.18073,0.02638,0.02360,0.22528,0.64885,
0.15434,0.16900,0.16389,0.22566,0.22600,0.22881,0.16315,0.02360,0.21883,0.20802,
0.12244,0.11833,0.12075,0.22353,0.03942,0.61022,0.22348,0.02360,0.22130,0.22560,
0.17556,0.05702,0.17521,0.22688,0.14543,0.39789,0.06457,0.02360,0.03678,0.22849,
0.03062,0.22402,0.22593,0.22300,0.04346,0.22539,0.14539,0.02360,0.04225,0.22775,
0.07567,0.22675,0.05170,0.22365,0.20319,0.19222,0.03477,0.02360,0.12112,0.40037,
0.18398,0.23042,0.22399,0.04389,0.16066,0.21010,0.10504,0.02360,0.13499,0.03702,
0.13481,0.05874,0.03695,0.10881,0.20157,0.21567,0.15509,0.02360,0.04801,0.06289,
0.14168,0.15937,0.05012,0.12393,0.17809,0.09428,0.02873,0.02360,0.05973,0.04497,
0.22586,0.58903,0.41677,0.05292,0.22134,0.51827,0.09504,0.02360,0.44285,0.01142,
0.11041,0.24498,0.27042,0.04422,0.07772,0.17622,0.13738,0.06907,0.33104,0.01142,
0.04690,0.16353,0.18212,0.04447,0.06231,0.01088,0.10101,0.05301,0.01929,0.01142,
0.39674,0.66410,0.43706,0.68960,0.08972,0.33209,0.65986,0.32946,0.01929,0.03030,
0.07463,0.14936,0.23877,0.03030,0.25047,0.37921,0.35783,0.11018,0.01929,0.02504,
0.17103,0.01530,0.13908,0.02504,0.10593,0.29873,0.09956,0.19850,0.01929,0.00976,
0.13772,0.17224,0.75468,0.43829,0.34161,0.34161,0.43396,0.61923,0.03132,0.57419,
0.41030,0.31577,0.11709,0.09915,0.20782,0.56222,0.44171,0.58067,0.03132,0.06017,
0.55058,0.38612,0.37960,0.02740,0.27310,0.02300,0.44270,0.11709,0.03132,0.36331,
0.23900,0.03400,0.33753,0.20307,0.42302,0.02300,0.02371,0.02276,0.22527,0.28683,
0.04127,0.03103,0.13009,0.02627,0.43519,0.01819,0.31188,0.02276,0.19534,0.02855,
0.05656,0.04898,0.13224,0.06855,0.44984,0.01819,0.23238,0.09167,0.16406,0.02529,
0.29915,0.24633,0.16945,0.18477,0.17385,0.01819,0.18422,0.12067,0.20149,0.02972,
0.80041,0.20960,0.01145,0.30637,0.15702,0.03653,0.14897,0.36419,0.26764,0.34025,
0.62328,0.67926,0.79434,0.34455,0.15702,0.06140,0.64318,0.18058,0.15920,0.64730,
0.26579,0.23317,0.15920,0.09502,0.15702,0.10877,0.23646,0.01313,0.19072,0.22755,
0.13272,0.02985,0.14690,0.03611,0.15702,0.07871,0.03133,0.02702,0.12851,0.06544,
0.13272,0.09602,0.15629,0.14778,0.15730,0.11884,0.09526,0.09297,0.09185,0.03730,
0.13272,0.12405,0.15509,0.16473,0.15730,0.13901,0.04049,0.12349,0.02257,0.10019,
0.05240,0.14981,0.11058,0.16771,0.14543,0.10156,0.23517,0.15205,0.02257,0.08724,
0.11497,0.21929,0.10581,0.22684,0.11457,0.07805,0.05115,0.10833,0.02257,0.03913,
0.08950,0.25473,0.06094,0.11223,0.08964,0.12962,0.22745,0.14236,0.02257,0.02021,
0.13573,0.17046,0.04057,0.08164,0.08586,0.15631,0.14738,0.21757,0.23388,0.02021,
0.20066,0.11919,0.23878,0.03761,0.03184,0.15230,0.06614,0.11643,0.17046,0.02021,
0.14202,0.15123,0.11369,0.01393,0.02273,0.01977,0.13040,0.13290,0.11919,0.02021,
0.66717,0.03713,0.13546,0.19832,0.79424,0.01977,0.92917,0.21922,0.96176,0.14414,
0.12105,0.01891,0.21756,0.64801,0.18509,0.01977,0.42493,0.03002,0.03713,0.44711,
0.01721,0.01891,0.02116,0.07227,0.03839,0.03160,0.20026,0.02481,0.09581,0.62800,
0.01721,0.01720,0.03158,0.01360,0.01377,0.02224,0.13077,0.03602,0.00534,0.03462,
0.81420,0.34467,0.23444,0.31982,0.13618,0.05358,0.54956,0.11165,0.11766,0.18182,
0.25302,0.71246,0.89518,0.17926,0.81574,1.05822,0.01177,0.44075,0.93735,0.40933,
0.56986,0.51028,0.08930,0.42876,0.23118,0.34735,0.23755,0.12247,0.07645,0.68536,
0.23119,0.12976,0.24721,0.06888,0.23118,0.08268,0.06039,0.40691,0.39974,0.45990,
0.38259,0.57335,0.55706,0.33841,0.19010,0.16979,0.06039,0.57351,0.42635,0.41512,
0.27851,0.03930,0.40527,0.07380,0.19645,0.17639,0.06039,0.41512,0.04483,0.31670,
0.02067,0.03930,0.01277,0.28528,0.11974,0.21030,0.05091,0.10829,0.27602,0.02604,
0.06665,0.06725,0.01940,0.01089,0.25884,0.22747,0.11034,0.27556,0.02816,0.02604,
0.65167,0.26218,0.37021,0.08459,0.36014,0.07257,0.36176,0.56883,0.02816,0.76612,
0.22838,0.41720,0.12917,0.11085,0.13929,0.22322,0.22263,0.56957,0.02816,0.08459,
0.10092,0.47522,0.08239,0.13738,0.22169,0.02864,0.08664,0.01554,0.02816,0.10197,
0.01494,0.19345,0.05157,0.28570,0.32359,0.15825,0.27468,0.24586,0.19345,0.07805,
0.51805,0.02577,0.23214,0.86526,0.97746,0.01028,0.01359,0.18128,0.59599,0.07805,
0.02454,0.02577,0.72604,0.55992,0.02791,0.50368,0.22200,0.32995,0.73571,0.09386,
0.21706,0.02577,0.51974,0.25669,0.44160,0.52937,0.06765,0.23056,0.02992,0.17590,
0.31919,0.02577,0.35615,0.05774,0.33625,0.29639,0.06258,0.30412,0.03396,0.29209,
0.23966,0.02577,0.05503,0.07128,0.27883,0.02791,0.27564,0.28543,0.04205,0.30180,
0.26317,0.02577,0.04328,0.05776,0.35651,0.27363,0.21188,0.25886,0.01600,0.02992,
0.04435,0.24296,0.03741,0.22910,0.02443,0.04374,0.04899,0.05585,0.01600,0.02085,
0.24105,0.02443,0.03827,0.05089,0.03037,0.02593,0.02784,0.24013,0.01600,0.01736,
0.03941,0.03036,0.08728,0.10832,0.01394,0.03393,0.06455,0.06846,0.06356,0.11678,
0.03548,0.17227,0.22691,0.03244,0.21096,0.27030,0.03548,0.06846,0.12992,0.16966,
0.03801,0.25227,0.18940,0.03244,0.06039,0.03602,0.03501,0.03254,0.10319,0.01410,
0.06195,0.09220,0.61012,0.55438,0.27874,0.47398,0.16521,0.18628,0.28194,0.02221,
0.17304,0.09220,0.17523,0.03463,0.55933,0.03105,0.44269,0.16877,0.23978,0.18004,
0.22901,0.09220,0.16049,0.20495,0.04004,0.12166,0.24871,0.26181,0.28443,0.25902,
0.23936,0.01556,0.09201,0.04800,0.04004,0.24504,0.07163,0.21883,0.27187,0.16144,
0.04617,0.01556,0.10345,0.14878,0.15961,0.19193,0.30020,0.16538,0.32542,0.17539,
0.23549,0.01556,0.28834,0.10220,0.12958,0.08962,0.19384,0.17919,0.19418,0.04920,
0.08337,0.01556,0.02542,0.31196,0.24040,0.31013,0.15376,0.21760,0.30947,0.02177,
0.00495,0.01556,0.17834,0.00577,0.17904,0.03864,0.03076,0.15229,0.12960,0.06918,
0.34158,0.03649,0.20014,0.13009,0.53685,0.24991,0.48948,0.19992,0.45083,0.81463,
0.59963,0.03649,0.24561,0.28759,0.01947,0.27686,0.24228,0.21054,0.18289,0.02938,
0.01387,0.12372,0.35974,0.16082,0.01908,0.44111,0.01113,0.15684,0.46923,0.05001,
0.32122,0.06343,0.70220,0.60039,0.57962,0.54334,0.08935,0.04912,0.10972,0.05001,
0.62554,0.44146,0.54334,0.79503,0.75648,0.22015,0.52389,0.45306,0.53785,0.05001,
0.76669,0.14293,0.22015,0.59068,0.77934,0.00288,0.72290,0.68297,0.72578,0.05001,
0.78438,0.05439,0.09150,0.26727,0.59068,0.01857,0.81044,0.79070,0.44580,0.05001,
0.60559,0.42539,0.67805,0.35956,0.19340,0.04543,0.03378,0.52717,0.20880,0.05001,
0.81833,0.31363,0.05040,0.27285,0.04490,0.60979,0.03378,0.21035,0.66104,0.58079,
0.58079,0.38729,0.04648,0.21500,0.61276,0.24055,0.03378,0.38055,0.43483,0.22685,
0.94876,0.14308,0.60118,0.04318,0.58079,0.00887,0.03378,0.85629,0.37356,0.11168,
0.58079,0.48068,0.39453,0.53896,0.94876,0.03996,0.03378,0.31022,0.44263,0.06175,
0.94876,0.17657,0.27358,0.94365,0.08400,0.04575,0.03378,0.83725,0.34884,0.08146,
0.08400,0.69356,0.45407,0.39502,0.56558,0.70248,0.03378,0.95599,0.44468,0.60266,
0.58753,0.44935,0.08669,0.87442,0.37930,0.27182,0.03378,0.59027,0.15633,0.23368,
0.94877,0.15762,0.76082,0.05040,0.39576,0.75062,0.03378,0.82101,0.68814,0.01287,
0.58079,0.02198,0.95343,0.04648,0.86013,0.81578,0.03378,0.56006,0.44396,0.02147,
0.95149,0.56307,0.61225,0.61936,0.23040,0.61754,0.65958,0.20704,0.36680,0.02147,
0.04203,0.18080,0.82635,0.28269,0.04999,0.38737,0.42231,0.75493,0.46235,0.02147,
0.69523,0.09045,0.08235,0.86730,0.58408,0.84034,0.83792,0.47403,0.83423,0.02147,
0.22686,0.66777,0.59565,0.08235,0.35893,0.13739,0.35759,0.39300,0.36625,0.02147,
0.04759,0.19136,0.20239,0.13322,0.20475,0.26422,0.40245,0.02227,0.04078,0.02147,
0.26166,0.31973,0.27121,0.20186,0.12902,0.04362,0.05336,0.23232,0.12340,0.02147,
0.04093,0.19136,0.36058,0.04224,0.29718,0.03496,0.05624,0.34208,0.03091,0.02147,
0.45812,0.25901,0.00863,0.42288,0.34282,0.17697,0.23479,0.02493,0.39614,0.33449,
0.77862,0.84165,0.17233,0.69767,0.04593,0.70539,0.10903,0.02493,0.65569,0.24347,
0.32987,0.14963,0.01520,0.30865,0.13727,0.31035,0.27182,0.02493,0.34710,0.13862,
0.03890,0.30726,0.01520,0.10050,0.17031,0.02925,0.38181,0.19289,0.19289,0.09697,
0.10290,0.38419,0.01520,0.20866,0.04201,0.19486,0.12579,0.08225,0.35214,0.04241,
0.03527,0.01080,0.06309,0.36317,0.14688,0.01170,0.19823,0.27037,0.01308,0.21188,
0.19375,0.20957,0.48271,0.41764,0.05666,0.21745,0.33802,0.41105,0.03497,0.33240,
0.09778,0.06919,0.08773,0.12593,0.05975,0.04112,0.25552,0.13981,0.03497,0.09715,
0.05581,0.06744,0.04836,0.04997,0.10595,0.06965,0.08773,0.04951,0.03497,0.05791,
0.02363,0.06791,0.06905,0.01719,0.08773,0.05571,0.03186,0.06696,0.03497,0.06398,
0.07396,0.03652,0.01382,0.01719,0.09304,0.05326,0.06575,0.06587,0.10156,0.02780,
0.27208,0.22305,0.34128,0.26192,0.09304,0.02382,0.09385,0.02270,0.04848,0.42888,
0.09850,0.07541,0.18986,0.08634,0.09304,0.04945,0.10097,0.01697,0.02216,0.09385,
0.01570,0.04603,0.09385,0.03014,0.09304,0.07584,0.09420,0.08329,0.07230,0.08797,
0.01272,0.04724,0.09335,0.06198,0.03499,0.07878,0.02995,0.01621,0.07230,0.03513,
0.01906,0.09725,0.02401,0.10087,0.03499,0.10511,0.09663,0.08777,0.02685,0.09304,
0.01906,0.08621,0.09657,0.08930,0.10001,0.09748,0.10311,0.08865,0.09413,0.08147,
0.01906,0.06224,0.05025,0.06148,0.06805,0.05411,0.00341,0.01250,0.01718,0.07366,
0.15721,0.01774,0.28165,0.06501,0.01447,0.16586,0.31890,0.30217,0.02689,0.19133,
0.07211,0.01774,0.15975,0.06052,0.05212,0.17419,0.01363,0.15184,0.00778,0.16074,
0.80434,0.49344,0.15975,0.33011,1.13880,0.51014,0.30000,0.65872,0.68517,0.03147,
0.00594,0.73765,1.06579,0.82072,0.83191,0.25626,0.86824,0.92664,0.93958,0.17366,
0.20744,0.01999,0.69359,0.55719,0.02547,0.35973,0.41622,0.54140,0.17342,0.17366,
0.24251,0.00564,0.03890,0.42212,0.02547,0.03898,0.24409,0.09100,0.11830,0.49617,
0.11702,0.00866,0.40295,0.34677,0.02547,0.04368,0.00654,0.09036,0.08532,0.03890,
0.18596,0.19403,0.40050,0.17652,0.02547,0.09083,0.03449,0.02706,0.00540,0.40295,
0.21844,0.03647,0.04018,0.03611,0.02547,0.01638,0.05091,0.21295,0.12109,0.03890,
0.43445,0.01360,0.14305,0.17103,0.04481,0.00901,0.00465,0.12269,0.02276,0.03044,
0.00834,0.05736,0.21866,0.36591,0.44695,0.19958,0.46935,0.39474,0.34386,0.03044,
0.26859,0.02434,0.41055,0.50782,0.50086,0.03012,0.01920,0.45207,0.49922,0.03044,
0.42690,0.00669,0.24096,0.10626,0.34646,0.00208,0.13025,0.04706,0.53562,0.07370,
0.39042,0.04614,0.54573,0.49922,0.30296,0.05769,0.27961,0.08908,0.29005,0.52426,
0.09057,0.04614,0.04781,0.17748,0.04728,0.27757,0.03812,0.16691,0.02190,0.16583,
0.08073,0.04614,0.03294,0.04218,0.10322,0.20723,0.07403,0.20352,0.14151,0.04316,
0.19549,0.03181,0.03294,0.10386,0.17191,0.05520,0.15944,0.16905,0.19428,0.14171,
0.04275,0.03181,0.03640,0.15636,0.20820,0.03814,0.18290,0.17971,0.20047,0.19231,
0.04162,0.03181,0.14490,0.18240,0.04583,0.03334,0.21408,0.02960,0.20383,0.20852,
0.14545,0.15093,0.16435,0.21077,0.11717,0.11236,0.11824,0.02960,0.20478,0.03847,
0.21364,0.16151,0.10240,0.02931,0.20313,0.07084,0.20271,0.02960,0.20436,0.15175,
0.17738,0.17472,0.16637,0.02931,0.26230,0.16018,0.26213,0.15024,0.02543,0.20821,
0.04254,0.06150,0.05105,0.11249,0.02953,0.05200,0.01516,0.05164,0.02543,0.17755,
0.02911,0.07261,0.10346,0.07975,0.01323,0.07345,0.06510,0.05410,0.07642,0.03348,
0.09944,0.01366,0.10346,0.34331,0.95597,0.23241,0.15336,0.80766,0.06756,0.47336,
0.16654,0.15153,0.66057,0.22163,0.06459,0.30746,0.24076,0.45135,0.06756,0.81093,
0.01830,0.03502,0.36056,0.17503,0.06459,0.18952,0.12410,0.22978,0.07248,0.10532,
0.01830,0.06974,0.02600,0.04441,0.09814,0.01378,0.02562,0.08505,0.08171,0.03965,
0.01830,0.07209,0.03568,0.08364,0.08621,0.10158,0.07820,0.10072,0.01611,0.02524,
0.06876,0.02612,0.04405,0.09590,0.05063,0.10162,0.08450,0.02643,0.05084,0.00762,
0.06876,0.14302,0.21261,0.77845,1.22928,0.12191,0.30256,0.25544,0.61534,0.54844,
0.06876,0.12105,0.17570,0.43696,0.08315,0.05016,0.04833,0.02367,0.19079,0.34207,
0.02813,0.00388,0.02058,0.02813,0.02903,0.12767,0.03518,0.02367,0.07449,0.01403,
0.34209,0.29081,0.17692,0.05335,0.15363,0.08823,0.03518,0.03593,0.62592,0.44437,
0.16049,0.41539,0.37219,0.29799,0.23451,0.26018,0.03518,0.27035,0.34209,0.52761,
0.23615,0.35129,0.49365,0.41735,0.46286,0.40372,0.03518,0.03573,0.50558,0.34209,
0.14514,0.13043,0.05463,0.47460,0.04344,0.46785,0.03518,0.02943,0.00701,0.20627,
0.86386,1.22106,0.30214,0.88815,0.04344,0.51383,0.06298,0.02240,0.89406,0.43478,
0.07624,0.21943,0.07070,0.35352,0.00425,0.33341,0.14903,0.16587,0.23567,0.30029,
0.08298,0.17708,0.07070,0.29880,0.11735,0.23233,0.24725,0.08932,0.13925,0.08143,
0.07377,0.11840,0.07070,0.02941,0.10301,0.08581,0.13960,0.06524,0.07430,0.07387,
0.06588,0.08414,0.07070,0.03920,0.06720,0.02477,0.05126,0.07486,0.06905,0.03312,
0.07695,0.05631,0.07070,0.09096,0.03878,0.07495,0.04882,0.03506,0.03458,0.07813,
0.12530,0.08404,0.07070,0.10901,0.05476,0.06304,0.05286,0.09065,0.05578,0.01727,
0.07599,0.09704,0.07192,0.05618,0.06007,0.06184,0.10396,0.05097,0.05801,0.01727,
0.02495,0.10166,0.07196,0.05723,0.07849,0.10080,0.06403,0.07140,0.07912,0.01727,
0.01697,0.06403,0.07812,0.05653,0.04964,0.12478,0.06088,0.09918,0.06857,0.01727,
0.05047,0.08416,0.08768,0.07776,0.07266,0.01630,0.04026,0.04591,0.01443,0.01646,
0.14667,0.17817,0.35563,0.31409,0.22662,0.24022,0.06041,0.38386,0.06959,0.01646,
0.12610,0.19361,0.24760,0.25481,0.19071,0.17479,0.07018,0.02736,0.01824,0.01646,
0.04623,0.04436,0.01955,0.06041,0.03954,0.01248,0.02353,0.00742,0.01188,0.01646,
0.04943,0.40168,0.01955,0.37449,0.13429,0.28018,0.10585,0.05189,0.38348,0.05839,
0.02047,0.04943,0.01955,0.17975,0.02779,0.06557,0.07370,0.04021,0.16312,0.02520,
0.05361,0.07671,0.01271,0.07266,0.15942,0.09802,0.01183,0.05882,0.04007,0.08321,
0.02315,0.16058,0.08363,0.25459,0.08298,0.09802,0.15044,0.34666,0.10494,0.03476,
0.09197,0.05731,0.13449,0.05268,0.13545,0.05268,0.03548,0.34666,0.00542,0.09116,
0.07257,0.02966,0.08350,0.05268,0.09978,0.09617,0.02964,0.03275,0.03934,0.09175,
0.09189,0.00814,0.09910,0.08760,0.09670,0.09850,0.09668,0.03275,0.09278,0.10066,
0.03565,0.07623,0.09504,0.02401,0.09467,0.09299,0.09104,0.03275,0.04180,0.01384,
0.26223,0.03028,0.13433,0.08193,0.25014,0.05983,0.22984,0.13463,0.04180,0.17403,
0.65765,0.42300,0.50140,0.59339,0.53192,0.35606,0.46142,0.35630,0.04180,0.30281,
0.45435,0.64081,0.11942,0.58440,0.39381,0.51783,0.61142,0.56285,0.04180,0.58671,
0.09299,0.04180,0.09147,0.36498,0.25975,0.63850,0.68137,0.65935,0.04180,0.66956,
0.07292,0.04180,0.02281,0.23109,0.17663,0.62821,0.04180,0.51933,0.04180,0.51130,
0.04492,0.03521,0.02281,0.19133,0.17463,0.03521,0.03521,0.26302,0.03521,0.25339,
0.02400,0.01369,0.02281,0.05304,0.03940,0.01369,0.01369,0.03521,0.01369,0.01601,
0.65756,0.76218,0.34911,0.19644,0.05061,0.54631,0.55774,0.22412,0.00991,0.01601,
0.75260,0.63396,0.18849,0.09618,0.05061,0.19162,0.16397,0.35595,0.04238,0.74614,
0.05102,0.23740,0.20903,0.01804,0.05061,0.02026,0.03252,0.07823,0.09850,0.26291,
0.19146,0.01392,0.20748,0.01804,0.05449,0.09520,0.13386,0.11682,0.16402,0.18748,
0.19350,0.11571,0.01796,0.01804,0.19896,0.15998,0.18374,0.17594,0.20229,0.08412,
0.14716,0.17502,0.01796,0.19304,0.18539,0.19705,0.13461,0.18628,0.05083,0.01766,
0.09661,0.16966,0.15671,0.17748,0.18713,0.08122,0.01487,0.22556,0.01022,0.13205,
0.24873,0.24538,0.20356,0.08454,0.26739,0.08122,0.13209,0.08957,0.12954,0.09581,
0.26614,0.01464,0.22641,0.02991,0.34901,0.08122,0.22420,0.04247,0.25586,0.09804,
0.22840,0.28221,0.04486,0.02991,0.39881,0.10775,0.07800,0.12312,0.26727,0.11507,
0.02611,0.23290,0.05702,0.02991,0.11507,0.07116,0.04392,0.06387,0.10203,0.12800,
0.09245,0.01979,0.08231,0.00428,0.09055,0.01054,0.03884,0.06472,0.06258,0.03239,
0.19049,0.12691,0.72000,0.09962,0.56285,1.04543,0.95758,0.75164,0.77280,1.00503,
0.19049,0.15465,0.35312,0.14036,0.26254,0.01872,0.34640,0.31899,0.13942,0.43190,
0.15804,0.17246,0.03626,0.19964,0.05363,0.01872,0.02828,0.00970,0.09356,0.15804,
0.18840,0.16741,0.15729,0.03941,0.08986,0.01872,0.03871,0.19083,0.03900,0.17435,
0.05225,0.14672,0.20771,0.15884,0.04408,0.01872,0.15866,0.10025,0.17547,0.17865,
0.02186,0.20361,0.10025,0.09422,0.05131,0.01872,0.06822,0.16174,0.17694,0.16311,
0.18152,0.19794,0.06969,0.15452,0.01977,0.01872,0.17135,0.12439,0.17422,0.29332,
0.09573,0.17537,0.17112,0.17819,0.19908,0.01872,0.17122,0.27224,0.16578,0.10025,
0.25505,0.17009,0.11477,0.03290,0.11392,0.01872,0.03558,0.19794,0.16928,0.06969,
0.10025,0.13116,0.15219,0.18746,0.14699,0.01872,0.18579,0.17537,0.16356,0.02017,
0.25981,0.15175,0.05395,0.03941,0.12721,0.01872,0.19077,0.07285,0.13820,0.21727,
0.19794,0.13320,0.17643,0.15884,0.04418,0.01872,0.14648,0.24516,0.17170,0.16750,
0.17537,0.08038,0.08760,0.18453,0.19395,0.01872,0.18809,0.15804,0.17008,0.04660,
0.14087,0.03868,0.03973,0.04429,0.17873,0.01872,0.04545,0.15865,0.15535,0.04411,
0.04831,0.02025,0.02105,0.03667,0.17873,0.01872,0.04019,0.04530,0.04689,0.02832,
0.04412,0.00707,0.01632,0.02353,0.02399,0.01872,0.02628,0.04500,0.04219,0.03795,
0.05114,0.15315,0.59536,0.03062,0.02399,0.47548,0.56957,0.03397,0.85129,0.44111,
0.12903,0.24228,0.23763,0.03163,0.02399,0.09287,0.19439,0.04371,0.03587,0.22391,
0.01697,0.03587,0.04437,0.00829,0.02399,0.12611,0.08920,0.01759,0.01813,0.11764,
0.01697,0.09318,0.30314,0.36503,0.45318,0.01646,0.77944,0.87757,0.01353,0.08891,
0.09136,0.03247,0.35233,0.01334,0.20304,0.01646,0.04337,0.41452,0.58644,0.25288,
0.08019,0.59901,0.47036,0.55459,0.03770,0.76527,0.04337,0.67369,0.45457,0.55513,
0.05203,0.24229,0.18306,0.23525,0.03770,0.10738,0.08928,0.33859,0.15868,0.17791,
0.03614,0.08335,0.06393,0.04001,0.03770,0.08973,0.07548,0.04943,0.05223,0.10960,
0.03614,0.03408,0.10950,0.06189,0.01959,0.03996,0.05852,0.02434,0.04045,0.07491,
0.12918,0.01813,0.01619,0.10901,0.01959,0.02103,0.01842,0.13190,0.09505,0.03005,
0.10674,0.07580,0.05482,0.09909,0.08877,0.01108,0.13181,0.07441,0.04986,0.03721,
0.15551,0.04797,0.70181,0.48787,0.69346,0.36527,0.52371,0.54274,0.18956,0.03721,
0.02386,0.05204,0.04797,0.16355,0.30426,0.09295,0.10546,0.01248,0.02398,0.03721,
0.09562,0.15373,0.07000,0.03885,0.04797,0.04154,0.04978,0.11803,0.10526,0.03721,
0.15230,0.07307,0.12788,0.10536,0.07000,0.03439,0.14338,0.16474,0.17734,0.03721,
0.14831,0.06063,0.02912,0.17008,0.05531,0.03439,0.04740,0.16933,0.17488,0.02158,
0.03383,0.02627,0.18601,0.04919,0.13222,0.01542,0.02080,0.03080,0.01511,0.02158,
0.01927,0.16452,0.03568,0.03498,0.06978,0.10682,0.01687,0.01522,0.01511,0.01579,
0.15067,0.18580,0.01161,0.08433,0.03674,0.06597,0.18677,0.18627,0.01511,0.01674,
0.15067,0.09146,0.02350,0.17153,0.15523,0.09402,0.15345,0.10968,0.02355,0.10721,
0.15067,0.01605,0.08804,0.14742,0.15812,0.07398,0.15473,0.02421,0.06599,0.02722,
0.09993,0.00851,0.07832,0.09506,0.09993,0.07398,0.10252,0.01530,0.06875,0.03822,
0.07382,0.02240,0.04627,0.06761,0.09748,0.07398,0.10655,0.01611,0.07283,0.02798,
0.01298,0.08067,0.01134,0.01727,0.11481,0.07398,0.03679,0.03433,0.06292,0.03084,
0.05754,0.12706,0.07064,0.09309,0.01850,0.03374,0.03623,0.09384,0.06292,0.08346,
0.15913,0.07698,0.11023,0.09961,0.12265,0.12762,0.14663,0.09101,0.06292,0.14447,
0.10344,0.21265,0.16786,0.03954,0.18128,0.01571,0.17501,0.17122,0.06292,0.18813,
0.08518,0.00645,0.20715,0.19431,0.07842,0.01571,0.00970,0.06906,0.05608,0.07379,
0.03127,0.08373,0.09540,0.16356,0.09509,0.01571,0.10005,0.09783,0.01616,0.07748,
0.10179,0.08468,0.09728,0.00357,0.09154,0.01571,0.08629,0.08243,0.07753,0.08119,
0.33940,0.05645,0.04802,0.67557,0.29685,0.12158,0.48116,0.19315,0.09584,0.08119,
0.35683,0.06553,0.30119,0.01107,0.06114,0.23009,0.17495,0.07975,0.06028,0.04152,
0.73240,1.50031,1.33322,1.33191,1.42689,0.73740,0.34994,0.75499,1.36218,0.82472,
0.70704,0.35691,1.04151,1.03416,1.11770,0.73740,0.51069,0.78401,1.10558,0.68385,
0.49034,0.35691,0.76257,0.72563,0.14902,0.53011,0.45807,0.62361,0.78122,0.52564,
0.36299,0.19913,0.42105,0.39676,0.14902,0.29256,0.27421,0.37343,0.09492,0.37027,
0.17862,0.09100,0.06872,0.19682,0.09769,0.25122,0.15882,0.21327,0.09492,0.20443,
0.16784,0.12460,0.07249,0.09169,0.12206,0.10238,0.15531,0.09456,0.09492,0.18038,
0.28231,0.15495,0.07249,0.16380,0.16849,0.09009,0.01362,0.06646,0.37536,0.09308,
0.26338,0.11557,1.22586,1.31151,0.13155,0.09009,0.81936,0.66129,1.48571,0.03256,
0.05612,0.07674,0.06282,0.07976,0.09573,0.09009,0.03597,0.18182,0.01341,0.05510,
0.24758,0.07674,0.59669,0.51077,0.05057,0.56856,0.05513,0.61399,0.17837,0.05464,
0.24629,0.09726,0.32555,0.38938,0.18206,0.05383,0.05513,0.09726,0.28328,0.00582,
0.43066,0.24556,0.29509,0.38345,0.21431,0.05383,0.47195,0.72701,0.16320,0.23361,
0.13704,0.31666,0.20982,0.15625,0.01811,0.05383,0.16151,0.29509,0.07005,0.41678,
0.07611,0.02259,0.03576,0.01976,0.01811,0.03045,0.09583,0.05575,0.03231,0.03722,
0.08350,0.04331,0.01542,0.03164,0.01811,0.08951,0.03722,0.20512,0.02257,0.09064,
0.03097,0.04466,0.01542,0.08861,0.03218,0.05113,0.04950,0.02004,0.09142,0.05044,
0.02144,0.02673,0.01542,0.02145,0.03530,0.07648,0.03309,0.04421,0.01777,0.02059,
0.02476,0.07453,0.01542,0.08762,0.02616,0.01777,0.02660,0.01586,0.00918,0.07797,
0.76917,0.57829,0.22575,0.29353,0.93742,0.51587,0.96070,0.02689,0.32564,1.03664,
0.31109,0.15933,0.04155,0.06323,0.40437,0.02249,0.38855,0.02689,0.09972,0.21858,
0.08251,0.07457,0.27937,0.25493,0.01853,0.24717,0.14030,0.21130,0.09977,0.00953,
0.63730,0.56112,0.32001,0.70973,0.01853,0.38744,0.72838,0.16155,0.25404,0.33219,
0.40991,0.01519,0.06838,0.30148,0.05746,0.20826,0.15179,0.51640,0.01036,0.42611,
0.03956,0.01519,0.82014,0.79328,0.66232,0.00906,0.76305,0.92369,0.21067,0.46668,
0.03956,0.93642,0.40425,0.02395,0.36275,0.90806,1.09776,0.40200,0.75378,0.97580,
0.22505,0.48594,0.06164,0.02395,0.12319,0.35638,0.22505,0.18939,0.28950,0.49527,
0.17777,0.19532,0.03834,0.02395,0.00656,0.00953,0.17840,0.02601,0.16140,0.04480,
0.09627,0.04632,0.11341,0.02395,0.07467,0.09724,0.18855,0.03216,0.01804,0.03754,
0.05880,0.02827,0.03314,0.02395,0.05296,0.03112,0.03082,0.08465,0.07867,0.03058,
0.11069,0.04157,0.09374,0.07106,0.03927,0.00517,0.03315,0.03082,0.10579,0.03100,
0.19461,0.02995,0.09374,0.06462,0.02450,0.01339,0.09202,0.33935,0.10792,0.30332,
0.11075,0.00991,0.03012,0.01022,0.11416,0.01189,0.09202,0.09650,0.09348,0.17850,
0.12393,0.07590,0.06628,0.00699,0.02358,0.04028,0.09202,0.09779,0.03639,0.10267,
0.09875,0.01396,0.02491,0.07445,0.10954,0.13671,0.09202,0.05706,0.05878,0.02909,
0.27457,0.03205,0.02491,0.23441,0.97815,0.27551,0.29219,0.65181,0.72963,0.65370,
0.29720,0.02113,0.02491,0.30845,0.05974,0.07244,0.02776,0.32736,0.74657,0.35403,
0.14481,0.02113,0.01745,0.02008,0.01558,0.04079,0.23750,0.37135,0.01745,0.18855,
0.09528,0.00675,0.17584,0.03380,0.01558,0.02666,0.16606,0.09148,0.01115,0.09677,
0.76168,0.21319,0.34652,0.36066,0.44899,0.63129,0.16606,0.71808,0.06710,0.23091,
0.22558,0.37096,0.28440,0.03442,0.59682,0.27844,0.22558,0.80863,0.06710,0.42309,
0.35917,0.33611,0.06060,0.03442,0.00322,0.35583,0.29160,0.02402,0.33061,0.02572,
0.01213,0.09396,0.01213,0.17206,0.14129,0.16977,0.06569,0.02402,0.28798,0.09412,
0.36291,0.25491,0.81987,0.46965,0.25664,0.71029,0.06569,0.16486,0.25886,0.38636,
0.02669,0.22119,0.31580,0.17490,0.35943,0.27008,0.06569,0.21833,0.30265,0.17641,
0.02669,0.01686,0.02635,0.22483,0.32733,0.14101,0.25321,0.26610,0.18415,0.11401,
0.28016,0.01686,0.16077,0.25252,0.05245,0.08904,0.03664,0.23329,0.16213,0.02866,
0.29248,0.21160,0.01317,0.33708,0.42969,0.01905,0.02080,0.02630,0.15103,0.22837,
0.58107,0.06819,0.58318,0.85922,0.19098,0.26084,0.36508,0.02630,0.52621,0.05878,
0.30306,0.01482,0.01928,0.52607,0.55311,0.42011,0.08058,0.41152,0.21634,0.06755,
0.12614,0.69254,0.01928,0.22727,0.12686,0.38702,0.03510,0.68953,0.83714,0.06150,
